0 0.04291845562951331
0.03448275862068965 0.04291805697562533
0.06896551724137931 0.04291763916486719
0.103448275862069 0.04291720230404201
0.1379310344827586 0.04291675048331119
0.1724137931034483 0.04291628704574278
0.2068965517241379 0.04291580687567231
0.2413793103448276 0.04291531423143611
0.2758620689655172 0.042914828601657
0.3103448275862069 0.04291436946466411
0.3448275862068966 0.04291396282925253
0.3793103448275862 0.04291363549056459
0.4137931034482759 0.04291339862651215
0.4482758620689655 0.04291325255736042
0.4827586206896552 0.04291318800984222
0.5172413793103449 0.04291318800584706
0.5517241379310345 0.04291325255574117
0.5862068965517241 0.04291339862758839
0.6206896551724138 0.04291363549067052
0.6551724137931034 0.04291396283039049
0.6896551724137931 0.04291436946381769
0.7241379310344828 0.0429148286009326
0.7586206896551724 0.04291531423020049
0.7931034482758621 0.04291580687829245
0.8275862068965517 0.04291628704669586
0.8620689655172413 0.04291675048045997
0.896551724137931 0.04291720230702423
0.9310344827586207 0.04291763916138643
0.9655172413793104 0.04291805697810332
1 0.04291845562888066
