0.000000e+00 0.000000e+00 1.000000e+01 0.000000e+00 0.000000e+00 0.000000e+00 
3.448276e-02 0.000000e+00 1.000000e+01 0.000000e+00 0.000000e+00 0.000000e+00 
6.896552e-02 0.000000e+00 1.000000e+01 0.000000e+00 0.000000e+00 0.000000e+00 
1.034483e-01 0.000000e+00 1.000000e+01 0.000000e+00 0.000000e+00 0.000000e+00 
1.379310e-01 0.000000e+00 1.000000e+01 0.000000e+00 0.000000e+00 0.000000e+00 
1.724138e-01 0.000000e+00 1.000000e+01 0.000000e+00 0.000000e+00 0.000000e+00 
2.068966e-01 0.000000e+00 1.000000e+01 0.000000e+00 0.000000e+00 0.000000e+00 
2.413793e-01 0.000000e+00 1.000000e+01 0.000000e+00 0.000000e+00 0.000000e+00 
2.758621e-01 0.000000e+00 1.000000e+01 0.000000e+00 0.000000e+00 0.000000e+00 
3.103448e-01 0.000000e+00 1.000000e+01 0.000000e+00 0.000000e+00 0.000000e+00 
3.448276e-01 0.000000e+00 1.000000e+01 0.000000e+00 0.000000e+00 0.000000e+00 
3.793103e-01 0.000000e+00 1.000000e+01 0.000000e+00 0.000000e+00 0.000000e+00 
4.137931e-01 0.000000e+00 1.000000e+01 0.000000e+00 0.000000e+00 0.000000e+00 
4.482759e-01 0.000000e+00 1.000000e+01 0.000000e+00 0.000000e+00 0.000000e+00 
4.827586e-01 0.000000e+00 1.000000e+01 0.000000e+00 0.000000e+00 0.000000e+00 
5.172414e-01 0.000000e+00 1.000000e+01 0.000000e+00 0.000000e+00 0.000000e+00 
5.517241e-01 0.000000e+00 1.000000e+01 0.000000e+00 0.000000e+00 0.000000e+00 
5.862069e-01 0.000000e+00 1.000000e+01 0.000000e+00 0.000000e+00 0.000000e+00 
6.206897e-01 0.000000e+00 1.000000e+01 0.000000e+00 0.000000e+00 0.000000e+00 
6.551724e-01 0.000000e+00 1.000000e+01 0.000000e+00 0.000000e+00 0.000000e+00 
6.896552e-01 0.000000e+00 1.000000e+01 0.000000e+00 0.000000e+00 0.000000e+00 
7.241379e-01 0.000000e+00 1.000000e+01 0.000000e+00 0.000000e+00 0.000000e+00 
7.586207e-01 0.000000e+00 1.000000e+01 0.000000e+00 0.000000e+00 0.000000e+00 
7.931034e-01 0.000000e+00 1.000000e+01 0.000000e+00 0.000000e+00 0.000000e+00 
8.275862e-01 0.000000e+00 1.000000e+01 0.000000e+00 0.000000e+00 0.000000e+00 
8.620690e-01 0.000000e+00 1.000000e+01 0.000000e+00 0.000000e+00 0.000000e+00 
8.965517e-01 0.000000e+00 1.000000e+01 0.000000e+00 0.000000e+00 0.000000e+00 
9.310345e-01 0.000000e+00 1.000000e+01 0.000000e+00 0.000000e+00 0.000000e+00 
9.655172e-01 0.000000e+00 1.000000e+01 0.000000e+00 0.000000e+00 0.000000e+00 
1.000000e+00 0.000000e+00 1.000000e+01 0.000000e+00 0.000000e+00 0.000000e+00 
