1.591549e-01 0.000000e+00 1.000000e+00 0.000000e+00 0.000000e+00 0.000000e+00 
1.556770e-01 3.309017e-02 1.000000e+00 0.000000e+00 0.000000e+00 0.000000e+00 
1.453953e-01 6.473415e-02 1.000000e+00 0.000000e+00 0.000000e+00 0.000000e+00 
1.287591e-01 9.354893e-02 1.000000e+00 0.000000e+00 0.000000e+00 0.000000e+00 
1.064954e-01 1.182752e-01 1.000000e+00 0.000000e+00 0.000000e+00 0.000000e+00 
7.957747e-02 1.378322e-01 1.000000e+00 0.000000e+00 0.000000e+00 0.000000e+00 
4.918158e-02 1.513653e-01 1.000000e+00 0.000000e+00 0.000000e+00 0.000000e+00 
1.663622e-02 1.582831e-01 1.000000e+00 0.000000e+00 0.000000e+00 0.000000e+00 
-1.663622e-02 1.582831e-01 1.000000e+00 0.000000e+00 0.000000e+00 0.000000e+00 
-4.918158e-02 1.513653e-01 1.000000e+00 0.000000e+00 0.000000e+00 0.000000e+00 
-7.957747e-02 1.378322e-01 1.000000e+00 0.000000e+00 0.000000e+00 0.000000e+00 
-1.064954e-01 1.182752e-01 1.000000e+00 0.000000e+00 0.000000e+00 0.000000e+00 
-1.287591e-01 9.354893e-02 1.000000e+00 0.000000e+00 0.000000e+00 0.000000e+00 
-1.453953e-01 6.473415e-02 1.000000e+00 0.000000e+00 0.000000e+00 0.000000e+00 
-1.556770e-01 3.309017e-02 1.000000e+00 0.000000e+00 0.000000e+00 0.000000e+00 
-1.591549e-01 1.949086e-17 1.000000e+00 0.000000e+00 0.000000e+00 0.000000e+00 
-1.556770e-01 -3.309017e-02 1.000000e+00 0.000000e+00 0.000000e+00 0.000000e+00 
-1.453953e-01 -6.473415e-02 1.000000e+00 0.000000e+00 0.000000e+00 0.000000e+00 
-1.287591e-01 -9.354893e-02 1.000000e+00 0.000000e+00 0.000000e+00 0.000000e+00 
-1.064954e-01 -1.182752e-01 1.000000e+00 0.000000e+00 0.000000e+00 0.000000e+00 
-7.957747e-02 -1.378322e-01 1.000000e+00 0.000000e+00 0.000000e+00 0.000000e+00 
-4.918158e-02 -1.513653e-01 1.000000e+00 0.000000e+00 0.000000e+00 0.000000e+00 
-1.663622e-02 -1.582831e-01 1.000000e+00 0.000000e+00 0.000000e+00 0.000000e+00 
1.663622e-02 -1.582831e-01 1.000000e+00 0.000000e+00 0.000000e+00 0.000000e+00 
4.918158e-02 -1.513653e-01 1.000000e+00 0.000000e+00 0.000000e+00 0.000000e+00 
7.957747e-02 -1.378322e-01 1.000000e+00 0.000000e+00 0.000000e+00 0.000000e+00 
1.064954e-01 -1.182752e-01 1.000000e+00 0.000000e+00 0.000000e+00 0.000000e+00 
1.287591e-01 -9.354893e-02 1.000000e+00 0.000000e+00 0.000000e+00 0.000000e+00 
1.453953e-01 -6.473415e-02 1.000000e+00 0.000000e+00 0.000000e+00 0.000000e+00 
1.556770e-01 -3.309017e-02 1.000000e+00 0.000000e+00 0.000000e+00 0.000000e+00 
